7 9 24 69 70 71 88 100:242:-99 42 90 49 22 6 -51 51
16 44 47 66 77 79 92 97:485:69 94 -34 -58 89 48 -28 -25
16 43 56 64 66 67 80 84:124:-84 -84 -21 57 7 64 -2 -5
13 20 44 73 74 75 92 97:325:29 6 -43 41 100 -36 90 6
7 14 16 24 41 45 85 94:324:-69 85 21 94 79 -11 -30 -70
17 23 42 50 59 68 70 96:474:29 -78 27 -13 44 -69 -18 -75
7 14 33 45 64 65 72 100:185:-85 -97 9 75 -16 -22 41 59
11 20 33 47 89 96 97 99:423:-52 99 -92 -55 96 94 81 -9
22 28 35 53 57 69 89 98:194:-56 -39 18 -64 57 58 95 56
22 38 42 43 71 74 88 100:393:59 -28 -39 -51 -58 -28 -92 -64
5 8 18 20 46 57 59 93:319:-45 -60 39 -9 88 -56 88 -83
8 35 41 44 49 68 89 93:179:84 53 23 65 -87 19 61 98
3 4 5 7 13 55 80 100:495:-45 -6 -48 15 -89 80 -88 -44
24 26 27 40 49 73 75 100:372:-45 86 -66 45 81 -75 -20 -59
4 10 61 63 65 71 82 86:106:16 -19 46 -9 -12 5 -64 80
10 15 17 23 43 61 84 86:297:-95 29 13 -100 70 93 55 -66
2 9 21 37 39 40 62 74:354:52 5 -91 -38 -71 86 -1 72
2 4 5 32 41 69 70 76:371:83 62 -2 -29 60 -7 85 -99
8 29 56 59 66 80 94 100:166:38 59 -31 64 -92 -76 1 -76
8 16 21 34 64 65 78 91:193:-85 -73 36 18 -82 -54 -14 19