22 24 34 40 49 63 64 68 70 86 90 92 96 98 99:114:-55 -38 -74 89 -1 -81 -69 -25 79 -75 -36 69 -44 -56 95
10 13 14 15 16 43 48 57 59 68 69 71 76 78 89:339:53 20 -35 -3 19 21 -3 -2 -76 -4 -15 100 60 79 -98
5 7 10 12 24 44 51 57 65 66 78 85 89 95 99:100:15 91 35 -56 15 -23 82 4 -81 29 85 57 -48 9 -19
5 15 23 52 56 64 69 73 74 82 84 87 92 94 100:307:39 -61 -35 -45 26 90 -65 -13 85 86 40 63 -74 -60 52
4 6 14 22 34 36 41 47 54 65 71 84 86 92 94:250:-18 -36 -53 34 51 -46 59 58 38 -73 54 -60 -36 -70 -49
7 16 19 60 68 73 76 82 84 88 89 94 96 98 99:376:43 94 -37 -55 6 7 53 96 -58 -90 -16 76 -97 -18 93
7 20 22 23 33 43 49 55 76 77 85 86 92 93 95:209:60 -38 23 -28 -31 49 64 32 29 83 45 93 28 23 -43
4 9 10 14 19 22 23 33 50 60 74 91 92 96 98:117:43 -86 56 27 92 18 85 -94 26 -33 -28 -30 87 -3 22
10 13 17 21 27 32 39 41 50 57 69 82 90 93 94:205:-75 -11 95 -32 -65 -44 -9 -11 -60 90 95 -74 -74 87 -50
7 10 11 29 32 40 44 48 50 79 80 83 89 92 95:487:17 19 -16 74 -26 -15 74 99 33 -96 30 -78 -68 -58 -95
3 5 15 25 28 33 41 50 57 69 83 89 91 95 98:413:-50 -83 -45 -60 -20 -48 98 85 -19 -42 -33 -12 0 83 -19
8 16 21 27 28 32 42 45 50 51 60 61 65 89 98:339:2 86 -99 19 -10 64 62 23 -14 -86 13 0 73 55 78
9 13 22 31 38 40 61 62 64 66 76 84 88 89 92:330:-46 -32 -59 38 -23 85 0 -99 -52 44 53 22 -97 -26 62
6 7 11 27 29 35 51 52 62 72 74 91 96 98 99:265:-24 24 59 31 -35 81 -33 54 -59 1 3 27 42 -43 -40
2 9 11 15 26 27 47 51 54 59 78 90 91 93 99:119:20 -52 -87 71 -55 -20 -90 71 29 -35 -48 -52 4 34 -84
3 7 9 19 20 24 29 34 43 72 75 77 93 97 98:188:76 3 48 98 -100 -100 48 -15 29 65 94 -94 -45 -80 97
4 11 23 25 27 36 39 42 54 61 63 68 73 76 96:150:86 47 -26 81 -23 -49 44 32 -72 -97 -29 -47 -45 94 -40
11 15 27 34 42 49 53 61 62 63 65 71 79 94 95:130:-95 -15 22 77 -98 -37 40 -68 -88 1 -76 -41 -87 -24 57
9 14 15 21 32 37 49 54 58 63 70 79 93 94 97:115:-97 -16 60 11 -24 24 -87 84 12 -19 8 61 -94 -57 -29
10 20 32 41 42 48 52 69 71 76 80 91 92 98 99:265:-7 24 -64 57 -47 6 -45 -74 92 -80 -57 -97 62 -95 -79
2 11 15 24 25 47 55 60 61 63 69 73 74 82 96:494:65 -7 3 87 -64 49 -7 -65 53 -40 -1 -17 -52 35 99
8 14 21 22 27 28 34 41 58 60 70 76 83 89 91:351:38 -50 -90 2 61 -12 22 29 6 -44 -51 99 60 -80 -97
10 14 17 21 23 27 29 36 46 52 65 66 79 89 93:318:-21 4 -35 97 33 62 -38 -4 4 -92 -90 91 85 -51 -5
18 24 37 43 46 48 52 53 54 57 59 88 91 92 99:396:96 -5 28 11 -92 -6 94 -69 -15 -87 -46 90 56 -9 -55
5 23 24 25 38 47 49 56 65 73 76 80 90 95 99:459:20 60 14 75 38 -51 -69 -18 67 90 -96 9 -44 12 -21
2 6 12 16 27 30 32 37 55 59 70 73 75 83 90:116:54 27 71 -16 -48 -52 -72 -93 77 95 -24 60 -29 79 -76
9 12 19 22 30 40 44 49 56 59 61 67 74 93 98:396:50 -47 34 -26 93 50 67 46 20 -27 74 -29 -75 41 66
22 23 24 31 34 40 52 54 56 69 71 73 78 90 97:269:-38 -45 99 -62 -27 80 71 -81 62 -81 76 -39 -71 66 -22
3 8 9 17 18 22 32 39 52 53 61 62 79 83 98:219:63 49 -43 55 -36 34 95 6 17 48 44 79 -28 -67 62
3 6 18 21 24 34 67 68 70 71 72 76 83 86 93:117:-12 23 39 56 -53 -41 -17 66 93 62 -53 80 -46 72 -56
7 18 25 28 33 35 44 53 60 65 67 74 86 93 96:159:-89 -78 -91 -27 27 -88 -70 61 -21 54 -6 -12 -39 -46 -35
6 11 22 24 26 29 37 43 45 48 52 60 84 86 96:207:58 -97 18 1 -4 -11 75 -6 26 53 54 -98 65 -36 91
5 9 11 13 25 27 40 49 53 54 80 83 86 92 100:317:-91 17 -99 3 -49 39 57 21 -35 -94 53 77 90 -47 -43
4 6 19 32 35 39 44 51 61 78 82 85 89 91 99:113:8 -96 -73 -56 69 -37 -96 3 55 13 -61 99 -81 -46 -52
10 14 18 27 30 37 47 49 55 74 75 79 90 94 99:277:80 91 -17 8 -33 5 -10 69 -42 -81 16 -44 61 -30 62
3 26 27 40 42 43 46 47 49 67 75 78 86 88 91:383:40 -32 4 -78 -4 -52 88 14 86 47 -50 -45 -17 22 12
2 8 11 18 39 40 43 51 62 67 72 74 76 82 87:174:-35 -44 -37 -4 82 45 -6 57 58 37 91 -88 -23 18 29
2 4 6 21 46 52 57 62 65 84 85 90 91 96 99:155:-48 75 8 84 -5 10 15 -2 8 -84 27 -54 31 75 -46
14 20 25 30 47 48 49 51 56 70 76 78 90 93 95:440:-60 -41 -35 40 -37 66 -82 -80 -49 44 11 25 95 -91 -18
11 12 23 25 27 30 32 38 42 47 56 63 75 77 96:331:97 84 92 -72 74 -93 -74 -36 36 -22 100 -74 84 -28 -49
5 11 30 37 45 50 55 57 59 61 73 78 83 95 96:144:47 2 69 1 -75 -74 -7 96 -10 -11 1 22 24 -48 64
3 13 16 20 25 28 29 34 41 45 64 75 91 93 96:419:96 40 -64 68 -36 82 -39 -76 45 99 -24 33 6 -18 48
18 21 28 31 42 44 47 60 66 69 71 72 73 84 97:170:1 83 -28 -91 -93 82 -92 4 -7 -90 28 18 48 85 75
4 12 21 34 39 42 44 53 60 64 66 71 83 88 98:133:67 -8 -87 -85 63 -2 -18 -45 -65 9 -41 -28 -13 -99 -43
4 29 35 40 53 56 59 60 61 62 64 69 78 81 97:211:52 -7 62 11 -57 -56 68 44 17 41 -10 59 33 -95 -45
7 10 13 14 16 43 48 49 59 68 82 85 92 95 97:217:79 -77 -15 -67 -38 -11 -40 -32 -38 30 0 48 -91 -97 -34
9 14 16 35 37 46 49 54 64 65 70 78 87 94 99:202:9 85 -3 -57 45 92 66 -6 -83 43 13 -28 20 90 -6
18 22 23 27 30 34 44 48 49 51 58 71 94 97 100:270:70 83 -100 -69 -65 -49 -67 43 29 -88 -3 93 -65 -67 -14
4 12 13 14 19 20 35 39 50 51 61 62 67 79 97:177:47 86 89 -15 75 82 -75 48 13 -79 30 96 66 -97 -51
4 5 15 16 26 41 48 58 69 73 77 82 89 90 100:447:-95 6 67 40 -56 38 53 52 -34 84 -55 -89 -95 44 -52
